%YAML:1.0
# Camera
image_width: 640
image_height: 480
input_camera_matrix: !!opencv-matrix
   rows: 3
   cols: 3
   dt: d
   data: [ 5.1843236000191928e+02, 0., 3.1950000000000000e+02, 0.,
       5.1843236000191928e+02, 2.3950000000000000e+02, 0., 0., 1. ]
distortion_coefficients: !!opencv-matrix
   rows: 5
   cols: 1
   dt: d
   data: [ 2.1545839212363374e-01, -7.2355485214387583e-01,
       -7.5467817870820417e-03, 3.1141512030780261e-03,
       7.5579667039159271e-01 ]
rotation_matrix: !!opencv-matrix
   rows: 3
   cols: 3
   dt: d
   data: [ 1., 0., 0., 0., 1., 0., 0., 0., 1. ]
rectified_camera_matrix: !!opencv-matrix
   rows: 3
   cols: 3
   dt: d
   data: [ 5.1843236000191928e+02, 0., 3.1950000000000000e+02, 0.,
       5.1843236000191928e+02, 2.3950000000000000e+02, 0., 0., 1. ]
