%YAML:1.0
# Camera
image_width: 640
image_height: 480
input_camera_matrix: !!opencv-matrix
   rows: 3
   cols: 3
   dt: d
   data: [ 5.1946803952598145e+02, 0., 3.1559068190475108e+02, 0.,
       5.1946803952598145e+02, 2.4966518876619543e+02, 0., 0., 1. ]
distortion_coefficients: !!opencv-matrix
   rows: 5
   cols: 1
   dt: d
   data: [ 2.3025754542609780e-01, -8.4001243604621523e-01, 0., 0.,
       1.0060779424450483e+00 ]
rotation_matrix: !!opencv-matrix
   rows: 3
   cols: 3
   dt: d
   data: [ 1., 0., 0., 0., 1., 0., 0., 0., 1. ]
rectified_camera_matrix: !!opencv-matrix
   rows: 3
   cols: 3
   dt: d
   data: [ 5.1946803952598145e+02, 0., 3.1559068190475108e+02, 0.,
       5.1946803952598145e+02, 2.4966518876619543e+02, 0., 0., 1. ]
