%YAML:1.0
# Camera
image_width: 640
image_height: 480
input_camera_matrix: !!opencv-matrix
   rows: 3
   cols: 3
   dt: d
   data: [ 5.8304587443499827e+02, 0., 3.1724108926326659e+02, 0.,
       5.8304587443499827e+02, 2.4559384011076145e+02, 0., 0., 1. ]
distortion_coefficients: !!opencv-matrix
   rows: 5
   cols: 1
   dt: d
   data: [ -1.2485659665131389e-01, 5.4829000480296941e-01, 0., 0.,
       -8.2898560780316033e-01 ]
rotation_matrix: !!opencv-matrix
   rows: 3
   cols: 3
   dt: d
   data: [ 9.9996917236954841e-01, -3.7939391592195515e-04,
       7.8428547619379951e-03, 4.3443042047961746e-04,
       9.9997528692226345e-01, -7.0168949647728199e-03,
       -7.8399987736002853e-03, 7.0200858252199207e-03,
       9.9994462487391589e-01 ]
rectified_camera_matrix: !!opencv-matrix
   rows: 3
   cols: 3
   dt: d
   data: [ 5.8304587443499827e+02, 0., 3.1724108926326659e+02, 0.,
       5.8304587443499827e+02, 2.4559384011076145e+02, 0., 0., 1. ]
