%YAML:1.0
# Camera
image_width: 640
image_height: 480
input_camera_matrix: !!opencv-matrix
   rows: 3
   cols: 3
   dt: d
   data: [ 5.7920956881389884e+02, 0., 3.1950000000000000e+02, 0.,
       5.7920956881389884e+02, 2.3950000000000000e+02, 0., 0., 1. ]
distortion_coefficients: !!opencv-matrix
   rows: 5
   cols: 1
   dt: d
   data: [ -1.0909263058219554e-01, 4.4139798125049018e-01, 0., 0.,
       -6.3119096589474666e-01 ]
rotation_matrix: !!opencv-matrix
   rows: 3
   cols: 3
   dt: d
   data: [ 9.9994047936853891e-01, -2.5276172344192930e-04,
       1.0907512627900373e-02, 4.0768665107248465e-04,
       9.9989904036787913e-01, -1.4203621474432439e-02,
       -1.0902821277595115e-02, 1.4207222913208044e-02,
       9.9983962879317967e-01 ]
rectified_camera_matrix: !!opencv-matrix
   rows: 3
   cols: 3
   dt: d
   data: [ 9.9994047936853891e-01, -2.5276172344192930e-04,
       1.0907512627900373e-02, 4.0768665107248465e-04,
       9.9989904036787913e-01, -1.4203621474432439e-02,
       -1.0902821277595115e-02, 1.4207222913208044e-02,
       9.9983962879317967e-01 ]
