%YAML:1.0
# Stereo
stereo_pose_offset: !!opencv-matrix
   rows: 4
   cols: 4
   dt: d
   data: [ 9.9993892218409919e-01, -2.4111247844649464e-04,
       1.1049604792693171e-02, 2.5226217237446408e-02,
       4.1017060980107000e-04, 9.9988286073832999e-01,
       -1.5300214436542307e-02, -7.1743933651149494e-04,
       -1.1044621377522450e-02, 1.5303812155997588e-02,
       9.9982188897429181e-01, 1.6166949519584777e-03, 0., 0., 0., 1. ]
