%YAML:1.0
R: !!opencv-matrix
   rows: 3
   cols: 3
   dt: d
   data: [ 9.9994047936853891e-01, -2.5276172344192930e-04,
       1.0907512627900373e-02, 4.0768665107248465e-04,
       9.9989904036787913e-01, -1.4203621474432439e-02,
       -1.0902821277595115e-02, 1.4207222913208044e-02,
       9.9983962879317967e-01 ]
T: !!opencv-matrix
   rows: 3
   cols: 1
   dt: d
   data: [ 2.5278795376536746e-02, -1.4829374454689722e-03,
       6.1831758380669955e-04 ]
base_line: 7.4999999999999997e-02
shift_offset: 0
