%YAML:1.0
# Stereo
stereo_pose_offset: !!opencv-matrix
   rows: 4
   cols: 4
   dt: d
   data: [ 9.9996917236954841e-01, -3.7939391592195515e-04,
       7.8428547619379951e-03, 2.4778529937557067e-02,
       4.3443042047961746e-04, 9.9997528692226345e-01,
       -7.0168949647728199e-03, 5.0902072193141047e-05,
       -7.8399987736002853e-03, 7.0200858252199207e-03,
       9.9994462487391589e-01, -2.4383986944054429e-03, 0., 0., 0., 1. ]
